1.402811350483085774e+07 -5.337220074383038096e+06 -9.120755098916762508e+05 -1.972169510266513797e+06 -1.688695534371014917e+06 2.662749276908876374e+07 1.138239229432257358e+06 9.992655056789767696e+05 3.181570814328466542e+06 -2.622147921039949171e+06 -3.835394488041306031e+05
-5.337220074383038096e+06 1.122633369474933669e+07 -2.913653020153251942e+06 -2.474725104271407239e+06 9.556727332016790751e+05 -3.189001477835494652e+07 5.103860629250357160e+05 -5.044354469160528854e+06 -3.277593853417442180e+06 -9.542722431649334030e+05 2.103100669972020667e+06
-9.120755098916762508e+05 -2.913653020153251942e+06 1.573910652123915032e+06 1.442128686889098259e+06 2.537954049456819848e+04 5.986837429711037315e+06 -4.324172192611775827e+05 1.226358668253131444e+06 6.805191240679334151e+05 1.309258717557946220e+06 -8.730144585228571668e+05
-1.972169510266513797e+06 -2.474725104271407239e+06 1.442128686889098259e+06 1.940421828075734433e+06 2.483667316462196177e+05 3.772630432606637478e+06 -5.270997021560404683e+05 1.248521533944478258e+06 2.122731397816549579e+05 8.712434328902183333e+05 -4.185050257066667546e+05
-1.688695534371014917e+06 9.556727332016790751e+05 2.537954049456819848e+04 2.483667316462196177e+05 4.928647926726515288e+05 -3.796405112131884787e+06 -5.144767820346160443e+04 -4.416433225564032909e+05 -3.446643077593822964e+05 -9.493594255701632937e+04 1.975252813133083982e+05
2.662749276908876374e+07 -3.189001477835494652e+07 5.986837429711037315e+06 3.772630432606637478e+06 -3.796405112131884787e+06 1.157079330787497461e+08 6.064727727082315832e+05 1.144565237505446188e+07 1.458730997649698146e+07 -8.041733143490243237e+05 -5.339742745262845419e+06
1.138239229432257358e+06 5.103860629250357160e+05 -4.324172192611775827e+05 -5.270997021560404683e+05 -5.144767820346160443e+04 6.064727727082315832e+05 3.759879366747327149e+05 -5.869772459554091329e+05 1.337273991467987071e+05 -8.829237680318448693e+05 1.761657865392271779e+05
9.992655056789767696e+05 -5.044354469160528854e+06 1.226358668253131444e+06 1.248521533944478258e+06 -4.416433225564032909e+05 1.144565237505446188e+07 -5.869772459554091329e+05 4.413941076123294421e+06 -1.957510742261831474e+05 8.106024185813659569e+05 -6.224705003311337205e+05
3.181570814328466542e+06 -3.277593853417442180e+06 6.805191240679334151e+05 2.122731397816549579e+05 -3.446643077593822964e+05 1.458730997649698146e+07 1.337273991467987071e+05 -1.957510742261831474e+05 1.202366119425303303e+07 5.735305029290353879e+06 -3.093827003073112108e+06
-2.622147921039949171e+06 -9.542722431649334030e+05 1.309258717557946220e+06 8.712434328902183333e+05 -9.493594255701632937e+04 -8.041733143490243237e+05 -8.829237680318448693e+05 8.106024185813659569e+05 5.735305029290353879e+06 9.692013366287639365e+06 -2.151800045936869923e+06
-3.835394488041306031e+05 2.103100669972020667e+06 -8.730144585228571668e+05 -4.185050257066667546e+05 1.975252813133083982e+05 -5.339742745262845419e+06 1.761657865392271779e+05 -6.224705003311337205e+05 -3.093827003073112108e+06 -2.151800045936869923e+06 1.610413252432862762e+06
