2.570856386090295473e+03 1.260214212089604871e+03 -4.946634902494643597e+02 8.291713930421114753e+01 8.743759894302945668e+01 -1.739043600773725075e+03 1.385995624315261807e+02 3.009114025658860214e+02 1.134672597640916138e+03 -3.668772783144290202e+02 6.715050047619720885e+01
1.260214212089604871e+03 3.381618144458822826e+03 -9.353163684202332888e+02 -5.684738347448978857e+01 3.381327797941875701e+02 -8.007781229795187755e+03 2.664667460212172045e+02 -3.407499831157288099e+02 1.272989734017221508e+03 -6.270184209621683635e+01 2.373472102055395681e+02
-4.946634902494643597e+02 -9.353163684202332888e+02 3.122152533390444660e+02 6.635115024160681685e+01 -7.737146914679989607e+01 2.072428015746735127e+03 -8.417680648822209832e+01 5.653267753567763521e+01 -3.975318705350829873e+02 2.793321756574689374e+01 -6.826192469972804133e+01
8.291713930421114753e+01 -5.684738347448978857e+01 6.635115024160681685e+01 1.958069325713834132e+02 5.223308940202555561e+01 8.893898624402530118e+01 -3.165773839124133815e+01 1.480549474531029261e+02 1.920600380263634293e+02 -1.009299113913804860e+02 -2.047546344184790357e+01
8.743759894302945668e+01 3.381327797941875701e+02 -7.737146914679989607e+01 5.223308940202555561e+01 1.603959400551876229e+02 -5.597620532067385284e+02 -6.557491571791318563e+01 -1.349189514355728647e+00 2.189121885074224565e+02 -8.218178904050754454e+02 8.956776566067583190e+01
-1.739043600773725075e+03 -8.007781229795187755e+03 2.072428015746735127e+03 8.893898624402530118e+01 -5.597620532067385284e+02 2.143410779906133030e+04 -8.520708042262335766e+02 8.895288763312145193e+02 -2.344551157920441710e+03 -2.675087689224931182e+03 -2.940802641052282524e+02
1.385995624315261807e+02 2.664667460212172045e+02 -8.417680648822209832e+01 -3.165773839124133815e+01 -6.557491571791318563e+01 -8.520708042262335766e+02 1.348682399352272228e+02 -4.576466779644839988e+01 7.985287257854348297e+01 9.063887066305529743e+02 -5.971225617409332642e+01
3.009114025658860214e+02 -3.407499831157288099e+02 5.653267753567763521e+01 1.480549474531029261e+02 -1.349189514355728647e+00 8.895288763312145193e+02 -4.576466779644839988e+01 5.265168421696206451e+02 1.551376078877143243e+02 -1.673429587829423042e+02 -5.311952390955103454e+01
1.134672597640916138e+03 1.272989734017221508e+03 -3.975318705350829873e+02 1.920600380263634293e+02 2.189121885074224565e+02 -2.344551157920441710e+03 7.985287257854348297e+01 1.551376078877143243e+02 1.192036012451660554e+03 -5.206110896196000795e+02 7.966402454773189845e+01
-3.668772783144290202e+02 -6.270184209621683635e+01 2.793321756574689374e+01 -1.009299113913804860e+02 -8.218178904050754454e+02 -2.675087689224931182e+03 9.063887066305529743e+02 -1.673429587829423042e+02 -5.206110896196000795e+02 8.514979653232574492e+03 -7.023125600178351533e+02
6.715050047619720885e+01 2.373472102055395681e+02 -6.826192469972804133e+01 -2.047546344184790357e+01 8.956776566067583190e+01 -2.940802641052282524e+02 -5.971225617409332642e+01 -5.311952390955103454e+01 7.966402454773189845e+01 -7.023125600178351533e+02 9.765841479875707876e+01
